2 1 0 1
2 2 1 0
3 1 0 1 2 1
3 2 0 2 1 2
3 3 1 2 2 0
3 4 1 0 2 0
3 5 0 1 1 2
3 6 0 2 1 0
3 7 1 0 2 1
4 1 0 3 1 3 2 3
4 10 0 1 2 1 3 1
4 11 0 1 1 2 3 2
4 12 0 2 1 0 2 3
4 13 0 2 1 2 2 3
4 14 0 3 1 3 2 1
4 15 1 0 2 0 3 0
4 16 0 1 2 3 3 1
4 17 1 0 2 3 3 0
4 18 0 3 1 0 2 0
4 19 0 1 1 3 2 1
4 2 0 3 1 2 2 3
4 20 0 3 1 0 2 1
4 3 0 2 1 2 3 2
4 4 0 3 1 2 2 0
4 5 0 2 1 0 3 2
4 6 1 2 2 0 3 2
4 7 0 3 1 0 2 3
4 8 0 1 1 2 2 3
4 9 0 1 1 3 2 3
5 1 0 4 1 4 2 4 3 4
5 10 0 4 1 2 2 4 3 4
5 11 0 3 1 0 2 3 4 3
5 12 0 3 1 0 2 0 4 3
5 13 0 4 1 4 2 4 3 2
5 14 0 4 1 2 2 0 3 4
5 15 0 4 1 4 2 3 3 4
5 16 0 2 1 2 2 4 3 4
5 17 0 4 1 3 2 1 3 4
5 18 0 3 1 3 2 3 3 4
5 19 0 1 1 2 2 3 3 4
5 2 0 3 1 3 2 3 4 3
5 20 0 1 1 2 3 2 4 2
5 21 0 4 1 0 2 0 3 0
5 22 0 2 1 0 2 3 3 4
5 23 0 1 1 4 2 4 3 4
5 24 0 1 1 3 2 1 4 3
5 25 0 4 1 3 2 3 3 4
5 26 0 1 1 2 2 4 3 4
5 27 0 4 1 2 2 3 3 4
5 28 0 3 1 2 2 3 4 3
5 29 0 2 1 0 3 2 4 2
5 3 0 2 1 2 3 2 4 2
5 30 0 1 1 4 2 1 3 4
5 31 0 2 1 0 2 4 3 2
5 32 0 4 1 4 2 1 3 1
5 33 0 4 1 4 2 3 3 1
5 34 0 1 1 4 2 1 3 1
5 35 0 4 1 3 2 4 3 0
5 36 0 1 2 3 3 1 4 1
5 37 0 3 1 2 2 3 3 4
5 38 0 4 1 2 2 4 3 2
5 39 0 2 1 2 3 4 4 2
5 4 0 4 1 0 2 0 3 2
5 40 0 4 1 0 2 1 3 4
5 41 1 3 2 3 3 0 4 3
5 42 0 3 1 0 2 3 3 4
5 43 0 4 1 0 2 4 3 4
5 44 0 2 1 2 2 4 3 2
5 45 0 2 1 0 2 4 3 4
5 46 0 1 2 1 3 1 4 1
5 47 0 2 1 3 2 3 4 3
5 48 0 1 1 4 2 3 3 1
5 49 0 1 1 3 2 3 4 3
5 5 0 4 1 0 2 3 3 4
5 50 0 3 1 0 2 1 3 4
5 51 0 3 1 0 2 1 4 3
5 52 0 4 1 0 2 1 3 2
5 53 0 4 1 4 2 1 3 2
5 54 0 3 1 2 2 0 4 3
5 6 1 0 2 0 3 0 4 0
5 7 0 3 1 3 2 1 4 3
5 8 0 4 1 4 2 1 3 4
5 9 0 4 1 2 2 0 3 2
6 1 0 5 1 5 2 5 3 5 4 5
6 10 0 2 1 2 2 4 3 4 4 5
6 11 0 5 1 5 2 5 3 4 4 2
6 12 0 1 1 2 2 3 3 5 4 3
6 13 0 5 1 5 2 3 3 4 4 5
6 14 0 3 1 0 2 3 4 3 5 3
6 15 0 3 1 3 2 3 4 3 5 3
6 16 0 2 1 2 3 2 4 2 5 2
6 17 0 1 1 5 2 5 3 5 4 5
6 18 0 5 1 0 2 0 3 4 4 2
6 19 0 2 1 0 2 4 3 2 5 4
6 2 0 4 1 4 2 1 3 4 5 4
6 20 0 1 1 2 2 5 3 5 4 5
6 21 0 1 2 4 3 4 4 1 5 4
6 22 0 5 1 5 2 5 3 2 4 5
6 23 0 1 1 4 2 4 3 4 5 4
6 24 0 1 1 4 2 1 3 1 5 4
6 25 0 4 1 4 2 4 3 2 5 4
6 26 0 3 1 0 2 0 4 3 5 3
6 27 0 5 1 5 2 3 3 5 4 5
6 28 0 5 1 5 2 4 3 4 4 1
6 29 0 4 1 2 2 4 3 4 5 4
6 3 0 4 1 4 2 3 3 4 5 4
6 4 0 4 1 4 2 4 3 4 5 4
6 5 0 4 1 2 2 4 3 2 5 4
6 6 0 4 1 0 2 4 3 2 5 4
6 7 0 4 1 0 2 4 3 4 5 4
6 8 0 1 1 2 2 5 3 4 4 2
6 9 0 5 1 0 2 5 3 5 4 5
7 1 0 5 1 0 2 5 3 2 4 5 6 5
7 10 0 5 1 2 2 5 3 2 4 2 6 5
7 11 0 1 1 5 2 1 3 1 4 5 6 5
7 12 0 1 1 4 2 1 3 1 5 4 6 4
7 13 0 5 1 5 2 5 3 2 4 2 6 5
7 14 0 5 1 5 2 4 3 5 4 5 6 5
7 15 0 4 1 4 2 4 3 4 5 4 6 4
7 16 0 2 1 2 2 6 3 5 4 5 5 2
7 17 0 6 1 0 2 1 3 0 4 0 5 6
7 2 0 5 1 2 2 5 3 2 4 5 6 5
7 3 0 6 1 6 2 6 3 6 4 6 5 6
7 4 0 1 2 4 3 4 4 1 5 4 6 4
7 5 0 5 1 5 2 5 3 5 4 5 6 5
7 6 0 2 1 0 2 5 3 2 4 5 6 5
7 7 0 6 1 6 2 1 3 1 4 5 5 3
7 8 0 2 1 2 3 5 4 5 5 2 6 2
7 9 0 6 1 4 2 3 3 4 4 6 5 4
